{
	"main" : [
		{
			"view_name": "main_to_main",
			"sensor_type": "sensor.camera.rgb",
			"RT_view_to_main":
			[
				[1.0, 0.0, 0.0, 0.0],
				[0.0, 1.0, 0.0, 0.0],
				[0.0, 0.0, 1.0, 0.0],
				[0.0, 0.0, 0.0, 1.0]
			],
			"origin": [360.0, 155.0],
			"width": 720,
			"height": 310,
			"focal": 727,
			"sensor_tick": 0.5,
			"scale": 2.0
		},
		{
			"view_name": "main_to_main",
			"sensor_type": "sensor.camera.depth",
			"RT_view_to_main":
			[
				[1.0, 0.0, 0.0, 0.0],
				[0.0, 1.0, 0.0, 0.0],
				[0.0, 0.0, 1.0, 0.0],
				[0.0, 0.0, 0.0, 1.0]
			],
			"origin": [360.0, 155.0],
			"width": 720,
			"height": 310,
			"focal": 727,
			"sensor_tick": 0.5,
			"scale": 2.0
		},
		{
			"view_name": "frontCornerRight_to_main",
			"sensor_type": "sensor.camera.rgb",
			"RT_view_to_main":
			[
				[ 1.00000000e+00,  2.42723451e-19,  7.21821543e-17, 5.46764918e-01],
				[-1.49200002e-18,  1.00000000e+00, -2.39329576e-18, 1.93584720e-01],
				[ 1.66710031e-17, -6.58572283e-19,  1.00000000e+00, -6.89492736e-01],
				[ 0.00000000e+00,  0.00000000e+00,  0.00000000e+00, 1.00000000e+00]
			],
			"origin": [360.0, 155.0],
			"width": 720,
			"height": 310,
			"focal": 727,
			"sensor_tick": 0.5,
			"scale": 2.0
		},
		{
			"view_name": "frontCornerLeft_to_main",
			"sensor_type": "sensor.camera.rgb",
			"RT_view_to_main":
			[
				[ 1.00000000e+00,  7.95290747e-18, -1.24383904e-16, -5.69808414e-01],
				[-1.38213568e-18,  1.00000000e+00,  2.31979317e-18, 1.97986875e-01],
				[ 4.79396903e-17,  6.47411442e-19,  1.00000000e+00, -6.68633823e-01],
				[ 0.00000000e+00,  0.00000000e+00,  0.00000000e+00, 1.00000000e+00]
			],
			"origin": [360.0, 155.0],
			"width": 720,
			"height": 310,
			"focal": 727,
			"sensor_tick": 0.5,
			"scale": 2.0
		},
		{
			"view_name": "parking_front_to_main",
			"sensor_type": "sensor.camera.rgb",
			"RT_view_to_main":
			[
				[ 1.00000000e+00, -2.47557309e-19,  4.91639189e-19, -1.29391176e-02],
				[ 2.05309290e-19,  1.00000000e+00, -1.10368772e-17, -5.77714112e-01],
				[-1.82949141e-18,  2.22696729e-18,  1.00000000e+00, 1.60733414e+00],
				[ 0.00000000e+00,  0.00000000e+00,  0.00000000e+00, 1.00000000e+00]
			],
			"origin": [360.0, 155.0],
			"width": 720,
			"height": 310,
			"focal": 727,
			"sensor_tick": 0.5,
			"scale": 2.0
		}
	],
	"frontCornerLeft" : [
		{
			"view_name": "frontCornerLeft_to_frontCornerLeft",
			"sensor_type": "sensor.camera.rgb",
			"RT_view_to_main":
			[
				[ 0.68048282, -0.02943749, -0.7321725 , -0.56980841],
				[ 0.00159947,  0.99925002, -0.03868897,  0.19798688],
				[ 0.73276229,  0.02515609,  0.68001955, -0.66863382],
				[ 0.0       ,  0.0       ,  0.0       ,  1.0       ]
			],
			"origin": [360.0, 155.0],
			"width": 720,
			"height": 310,
			"focal": 294,
			"sensor_tick": 0.5,
			"scale": 2.0
		},
		{
			"view_name": "frontCornerLeft_to_frontCornerLeft",
			"sensor_type": "sensor.camera.depth",
			"RT_view_to_main":
			[
				[ 0.68048282, -0.02943749, -0.7321725 , -0.56980841],
				[ 0.00159947,  0.99925002, -0.03868897,  0.19798688],
				[ 0.73276229,  0.02515609,  0.68001955, -0.66863382],
				[ 0.0       ,  0.0       ,  0.0       ,  1.0       ]
			],
			"origin": [360.0, 155.0],
			"width": 720,
			"height": 310,
			"focal": 294,
			"sensor_tick": 0.5,
			"scale": 2.0
		},
		{
			"view_name": "parking_left_to_frontCornerLeft",
			"sensor_type": "sensor.camera.rgb",
			"RT_view_to_main": [
				[ 0.68048282, -0.02943749, -0.7321725 , -1.05940305],
				[ 0.00159947,  0.99925002, -0.03868897, -0.25864233],
				[ 0.73276229,  0.02515609,  0.68001955, -0.09800851],
				[ 0.0       ,  0.0       ,  0.0       ,  1.0       ]
			],
			"origin": [360.0, 155.0],
			"width": 720,
			"height": 310,
			"focal": 294,
			"sensor_tick": 0.5,
			"scale": 2.0
		},
		{
			"view_name": "parking_front_to_frontCornerLeft",
			"sensor_type": "sensor.camera.rgb",
			"RT_view_to_main": [
				[ 0.68048282, -0.02943749, -0.7321725 , -0.56980841],
				[ 0.00159947,  0.99925002, -0.03868897,  0.19798688],
				[ 0.73276229,  0.02515609,  0.68001955, -0.66863382],
				[ 0.0       ,  0.0       ,  0.0       ,  1.0       ]
			],
			"origin": [360.0, 155.0],
			"width": 720,
			"height": 310,
			"focal": 294,
			"sensor_tick": 0.5,
			"scale": 2.0
		}
	],
	"frontCornerRight" : [
		{
			"view_name": "frontCornerRight_to_frontCornerRight",
			"sensor_type": "sensor.camera.rgb",
			"RT_view_to_main":
			[
				[ 6.90504799e-01,  1.26398964e-02,  7.23217364e-01, 5.46764918e-01],
				[ 9.69189877e-04,  9.99830241e-01, -1.83996978e-02, 1.93584720e-01],
				[-7.23327162e-01,  1.34060146e-02,  6.90375330e-01, -6.89492736e-01],
				[ 0.00000000e+00,  0.00000000e+00,  0.00000000e+00, 1.00000000e+00]
			],
			"origin": [360.0, 155.0],
			"width": 720,
			"height": 310,
			"focal": 294,
			"sensor_tick": 0.5,
			"scale": 2.0
		},
		{
			"view_name": "frontCornerRight_to_frontCornerRight",
			"sensor_type": "sensor.camera.depth",
			"RT_view_to_main":
			[
				[ 6.90504799e-01,  1.26398964e-02,  7.23217364e-01, 5.46764918e-01],
				[ 9.69189877e-04,  9.99830241e-01, -1.83996978e-02, 1.93584720e-01],
				[-7.23327162e-01,  1.34060146e-02,  6.90375330e-01, -6.89492736e-01],
				[ 0.00000000e+00,  0.00000000e+00,  0.00000000e+00, 1.00000000e+00]
			],
			"origin": [360.0, 155.0],
			"width": 720,
			"height": 310,
			"focal": 294,
			"sensor_tick": 0.5,
			"scale": 2.0
		},
		{
			"view_name": "parking_right_to_frontCornerRight",
			"sensor_type": "sensor.camera.rgb",
			"RT_view_to_main": [
				[ 6.90504799e-01,  1.26398964e-02,  7.23217364e-01, 1.03760280e+00],
				[ 9.69189877e-04,  9.99830241e-01, -1.83996978e-02, -2.67995720e-01],
				[-7.23327162e-01,  1.34060146e-02,  6.90375330e-01, -1.51986114e-01],
				[ 0.00000000e+00,  0.00000000e+00,  0.00000000e+00, 1.00000000e+00]
			],
			"origin": [360.0, 155.0],
			"width": 720,
			"height": 310,
			"focal": 294,
			"sensor_tick": 0.5,
			"scale": 2.0
		},
		{
			"view_name": "parking_front_to_frontCornerRight",
			"sensor_type": "sensor.camera.rgb",
			"RT_view_to_main": [
				[ 6.90504799e-01,  1.26398964e-02,  7.23217364e-01, -1.29391176e-02],
				[ 9.69189877e-04,  9.99830241e-01, -1.83996978e-02, -5.77714112e-01],
				[-7.23327162e-01,  1.34060146e-02,  6.90375330e-01, 1.60733414e+00],
				[ 0.00000000e+00,  0.00000000e+00,  0.00000000e+00, 1.00000000e+00]
			],
			"origin": [360.0, 155.0],
			"width": 720,
			"height": 310,
			"focal": 294,
			"sensor_tick": 0.5,
			"scale": 2.0
		}
	],
	"rearCornerLeft" : [
		{
			"view_name": "rearCornerLeft_to_rearCornerLeft",
			"sensor_type": "sensor.camera.rgb",
			"RT_view_to_main":
			[
				[-0.67428281,  0.05582567, -0.73636009, -0.91103334],
				[ 0.01701427,  0.99804824,  0.06008511, -0.43344574],
				[ 0.73827719,  0.02798573, -0.67391661,  0.29008655],
				[ 0.0        , 0.0        , 0.0        , 1.0       ]
			],
			"origin": [360.0, 155.0],
			"width": 720,
			"height": 310,
			"focal": 294,
			"sensor_tick": 0.5,
			"scale": 2.0
		},
		{
			"view_name": "rearCornerLeft_to_rearCornerLeft",
			"sensor_type": "sensor.camera.depth",
			"RT_view_to_main":
			[
				[-0.67428281,  0.05582567, -0.73636009, -0.91103334],
				[ 0.01701427,  0.99804824,  0.06008511, -0.43344574],
				[ 0.73827719,  0.02798573, -0.67391661,  0.29008655],
				[ 0.0        , 0.0        , 0.0        , 1.0       ]
			],
			"origin": [360.0, 155.0],
			"width": 720,
			"height": 310,
			"focal": 294,
			"sensor_tick": 0.5,
			"scale": 2.0
		},
		{
			"view_name": "parking_left_to_rearCornerLeft",
			"sensor_type": "sensor.camera.rgb",
			"RT_view_to_main":
			[
				[-0.67428281,  0.05582567, -0.73636009, -1.05940305],
       			[ 0.01701427,  0.99804824,  0.06008511, -0.25864233],
       			[ 0.73827719,  0.02798573, -0.67391661, -0.09800851],
       			[ 0.0       ,  0.0       ,  0.0       ,  1.0       ]
			],
			"origin": [360.0, 155.0],
			"width": 720,
			"height": 310,
			"focal": 294,
			"sensor_tick": 0.5,
			"scale": 2.0
		},
		{
			"view_name": "parking_rear_to_rearCornerLeft",
			"sensor_type": "sensor.camera.rgb",
			"RT_view_to_main": [
				[-0.67428281,  0.05582567, -0.73636009, -0.01588108],
       			[ 0.01701427,  0.99804824,  0.06008511, -0.62030431],
       			[ 0.73827719,  0.02798573, -0.67391661, -3.33413754],
       			[ 0.0       ,  0.0       ,  0.0       ,  1.0       ]
			],
			"origin": [360.0, 155.0],
			"width": 720,
			"height": 310,
			"focal": 294,
			"sensor_tick": 0.5,
			"scale": 2.0
		}
	],
	"rearCornerRight" : [
		{
			"view_name": "rearCornerRight_to_rearCornerRight",
			"sensor_type": "sensor.camera.rgb",
			"RT_view_to_main":
			[
				[-0.67361475, -0.0345281 ,  0.73827568,  0.87288019],
				[-0.00572534,  0.99912195,  0.04150362, -0.44074104],
				[-0.73906048,  0.02373057, -0.67322097,  0.24819446],
				[ 0.0       ,  0.0       ,  0.0       ,  1.0       ]
			],
			"origin": [360.0, 155.0],
			"width": 720,
			"height": 310,
			"focal": 294,
			"sensor_tick": 0.5,
			"scale": 2.0
		},
		{
			"view_name": "rearCornerRight_to_rearCornerRight",
			"sensor_type": "sensor.camera.depth",
			"RT_view_to_main":
			[
				[-0.67361475, -0.0345281 ,  0.73827568,  0.87288019],
				[-0.00572534,  0.99912195,  0.04150362, -0.44074104],
				[-0.73906048,  0.02373057, -0.67322097,  0.24819446],
				[ 0.0       ,  0.0       ,  0.0       ,  1.0       ]
			],
			"origin": [360.0, 155.0],
			"width": 720,
			"height": 310,
			"focal": 294,
			"sensor_tick": 0.5,
			"scale": 2.0
		},
		{
			"view_name": "parking_right_to_rearCornerRight",
			"sensor_type": "sensor.camera.rgb",
			"RT_view_to_main":
			[
				[-0.67361475, -0.0345281 ,  0.73827568,  1.0376028 ],
				[-0.00572534,  0.99912195,  0.04150362, -0.26799572],
				[-0.73906048,  0.02373057, -0.67322097, -0.15198611],
				[ 0.0       ,  0.0       ,  0.0       ,  1.0       ]
			],
			"origin": [360.0, 155.0],
			"width": 720,
			"height": 310,
			"focal": 294,
			"sensor_tick": 0.5,
			"scale": 2.0
		},
		{
			"view_name": "parking_rear_to_rearCornerRight",
			"sensor_type": "sensor.camera.rgb",
			"RT_view_to_main": [
				[-0.67361475, -0.0345281 ,  0.73827568,  0.87288019],
				[-0.00572534,  0.99912195,  0.04150362, -0.44074104],
				[-0.73906048,  0.02373057, -0.67322097,  0.24819446],
				[ 0.0       ,  0.0       ,  0.0       ,  1.0       ]
			],
			"origin": [360.0, 155.0],
			"width": 720,
			"height": 310,
			"focal": 294,
			"sensor_tick": 0.5,
			"scale": 2.0
		}
	]
}
