{
	"main" : [
		{
			"view_name": "main_to_main",
			"sensor_type": "sensor.camera.rgb",
			"RT_view_to_main":
			[
				[1.0, 0.0, 0.0, 0.0],
				[0.0, 1.0, 0.0, 0.0],
				[0.0, 0.0, 1.0, 0.0],
				[0.0, 0.0, 0.0, 1.0]
			],
			"origin": [360.0, 155.0],
			"width": 720,
			"height": 310,
			"focal": 728.5,
			"sensor_tick": 0.5,
			"scale": 2.0
		},
		{
			"view_name": "main_to_main",
			"sensor_type": "sensor.camera.depth",
			"RT_view_to_main":
			[
				[1.0, 0.0, 0.0, 0.0],
				[0.0, 1.0, 0.0, 0.0],
				[0.0, 0.0, 1.0, 0.0],
				[0.0, 0.0, 0.0, 1.0]
			],
			"origin": [360.0, 155.0],
			"width": 720,
			"height": 310,
			"focal": 728.5,
			"sensor_tick": 0.5,
			"scale": 2.0
		},
		{
			"view_name": "frontCornerRight_to_main",
			"sensor_type": "sensor.camera.rgb",
			"RT_view_to_main":
			[
				[ 1.00000000e+00, -1.28534918e-18, -7.66557709e-17, 5.34217490e-01],
				[ 1.82563619e-19,  1.00000000e+00,  3.33039045e-19, 2.02293301e-01],
				[-1.31662652e-18,  5.49879479e-19,  1.00000000e+00, -6.42469692e-01],
				[ 0.00000000e+00,  0.00000000e+00,  0.00000000e+00, 1.00000000e+00]
			],
			"origin": [360.0, 155.0],
			"width": 720,
			"height": 310,
			"focal": 728.5,
			"sensor_tick": 0.5,
			"scale": 2.0
		},
		{
			"view_name": "frontCornerLeft_to_main",
			"sensor_type": "sensor.camera.rgb",
			"RT_view_to_main":
			[
				[ 1.00000000e+00, -3.74518560e-19,  4.84863841e-17, -6.09424331e-01],
				[ 1.93794822e-19,  1.00000000e+00,  1.11685885e-18, 2.10763336e-01],
				[ 1.03997535e-16, -1.67018278e-19,  1.00000000e+00, -6.10723442e-01],
				[ 0.00000000e+00,  0.00000000e+00,  0.00000000e+00, 1.00000000e+00]
			],
			"origin": [360.0, 155.0],
			"width": 720,
			"height": 310,
			"focal": 728.5,
			"sensor_tick": 0.5,
			"scale": 2.0
		},
		{
			"view_name": "parking_front_to_main",
			"sensor_type": "sensor.camera.rgb",
			"RT_view_to_main":
			[
				[ 1.00000000e+00, -6.93707351e-19, -4.04247353e-21, 2.96731769e-02],
				[ 6.31169416e-18,  1.00000000e+00, -7.48398906e-19, -5.36175941e-01],
				[-7.43807878e-19, -2.74557111e-19,  1.00000000e+00, 1.69363454e+00],
				[ 0.00000000e+00,  0.00000000e+00,  0.00000000e+00, 1.00000000e+00]
			],
			"origin": [360.0, 155.0],
			"width": 720,
			"height": 310,
			"focal": 728.5,
			"sensor_tick": 0.5,
			"scale": 2.0
		}
	],
	"frontCornerLeft" : [
		{
			"view_name": "frontCornerLeft_to_frontCornerLeft",
			"sensor_type": "sensor.camera.rgb",
			"RT_view_to_main":
			[
				[ 7.40152349e-01,  8.16526789e-03, -6.72389640e-01, -6.09424331e-01],
				[-3.94289360e-04,  9.99931372e-01,  1.17087963e-02, 2.10763336e-01],
				[ 6.72439101e-01, -8.40117701e-03,  7.40104774e-01, -6.10723442e-01],
				[ 0.00000000e+00,  0.00000000e+00,  0.00000000e+00, 1.00000000e+00]
			],
			"origin": [360.0, 155.0],
			"width": 720,
			"height": 310,
			"focal": 295.0,
			"sensor_tick": 0.5,
			"scale": 2.0
		},
		{
			"view_name": "frontCornerLeft_to_frontCornerLeft",
			"sensor_type": "sensor.camera.depth",
			"RT_view_to_main":
			[
				[ 7.40152349e-01,  8.16526789e-03, -6.72389640e-01, -6.09424331e-01],
				[-3.94289360e-04,  9.99931372e-01,  1.17087963e-02, 2.10763336e-01],
				[ 6.72439101e-01, -8.40117701e-03,  7.40104774e-01, -6.10723442e-01],
				[ 0.00000000e+00,  0.00000000e+00,  0.00000000e+00, 1.00000000e+00]
			],
			"origin": [360.0, 155.0],
			"width": 720,
			"height": 310,
			"focal": 295.0,
			"sensor_tick": 0.5,
			"scale": 2.0
		},
		{
			"view_name": "parking_left_to_frontCornerLeft",
			"sensor_type": "sensor.camera.rgb",
			"RT_view_to_main":
			[
				[ 7.40152349e-01,  8.16526789e-03, -6.72389640e-01, -1.10789493e+00],
				[-3.94289360e-04,  9.99931372e-01,  1.17087963e-02, -2.11428030e-01],
				[ 6.72439101e-01, -8.40117701e-03,  7.40104774e-01, -1.76342843e-02],
				[ 0.00000000e+00,  0.00000000e+00,  0.00000000e+00, 1.00000000e+00]
			],
			"origin": [360.0, 155.0],
			"width": 720,
			"height": 310,
			"focal": 295.0,
			"sensor_tick": 0.5,
			"scale": 2.0
		},
		{
			"view_name": "parking_front_to_frontCornerLeft",
			"sensor_type": "sensor.camera.rgb",
			"RT_view_to_main":
			[
				[ 7.40152349e-01,  8.16526789e-03, -6.72389640e-01, 2.96731769e-02],
				[-3.94289360e-04,  9.99931372e-01,  1.17087963e-02, -5.36175941e-01],
				[ 6.72439101e-01, -8.40117701e-03,  7.40104774e-01, 1.69363454e+00],
				[ 0.00000000e+00,  0.00000000e+00,  0.00000000e+00, 1.00000000e+00]
			],
			"origin": [360.0, 155.0],
			"width": 720,
			"height": 310,
			"focal": 295.0,
			"sensor_tick": 0.5,
			"scale": 2.0
		}
	],
	"frontCornerRight" : [
		{
			"view_name": "frontCornerRight_to_frontCornerRight",
			"sensor_type": "sensor.camera.rgb",
			"RT_view_to_main":
			[
				[ 0.67855963,  0.00730429,  0.734509  ,  0.53421749],
				[-0.00816265,  0.9999638 , -0.00240322,  0.2022933 ],
				[-0.73449997, -0.00436481,  0.67859469, -0.64246969],
				[ 0.0       ,  0.0       ,  0.0       ,  1.0       ]
			],
			"origin": [360.0, 155.0],
			"width": 720,
			"height": 310,
			"focal": 295.0,
			"sensor_tick": 0.5,
			"scale": 2.0
		},
		{
			"view_name": "frontCornerRight_to_frontCornerRight",
			"sensor_type": "sensor.camera.depth",
			"RT_view_to_main":
			[
				[ 0.67855963,  0.00730429,  0.734509  ,  0.53421749],
				[-0.00816265,  0.9999638 , -0.00240322,  0.2022933 ],
				[-0.73449997, -0.00436481,  0.67859469, -0.64246969],
				[ 0.0       ,  0.0       ,  0.0       ,  1.0       ]
			],
			"origin": [360.0, 155.0],
			"width": 720,
			"height": 310,
			"focal": 295.0,
			"sensor_tick": 0.5,
			"scale": 2.0
		},
		{
			"view_name": "parking_right_to_frontCornerRight",
			"sensor_type": "sensor.camera.rgb",
			"RT_view_to_main":
			[
				[ 0.67855963,  0.00730429,  0.734509  ,  1.05719651],
				[-0.00816265,  0.9999638 , -0.00240322, -0.23328173],
				[-0.73449997, -0.00436481,  0.67859469, -0.11622924],
				[ 0.0       ,  0.0       ,  0.0       ,  1.0       ]
			],
			"origin": [360.0, 155.0],
			"width": 720,
			"height": 310,
			"focal": 295.0,
			"sensor_tick": 0.5,
			"scale": 2.0
		},
		{
			"view_name": "parking_front_to_frontCornerRight",
			"sensor_type": "sensor.camera.rgb",
			"RT_view_to_main":
			[
				[ 0.67855963,  0.00730429,  0.734509  ,  0.02967318],
				[-0.00816265,  0.9999638 , -0.00240322, -0.53617594],
				[-0.73449997, -0.00436481,  0.67859469,  1.69363454],
				[ 0.0       ,  0.0       ,  0.0       ,  1.0       ]
			],
			"origin": [360.0, 155.0],
			"width": 720,
			"height": 310,
			"focal": 295.0,
			"sensor_tick": 0.5,
			"scale": 2.0
		}
	],
	"rearCornerLeft" : [
		{
			"view_name": "rearCornerLeft_to_rearCornerLeft",
			"sensor_type": "sensor.camera.rgb",
			"RT_view_to_main":
			[
				[-0.63218668,  0.02725309, -0.77433667, -0.94507951],
				[ 0.0021186 ,  0.99943828,  0.03344596, -0.42366136],
				[ 0.77481321,  0.01950358, -0.63188931,  0.38044056],
				[ 0.0       ,  0.0       ,  0.0       ,  1.0       ]
			],
			"origin": [360.0, 155.0],
			"width": 720,
			"height": 310,
			"focal": 295.0,
			"sensor_tick": 0.5,
			"scale": 2.0
		},
		{
			"view_name": "rearCornerLeft_to_rearCornerLeft",
			"sensor_type": "sensor.camera.depth",
			"RT_view_to_main":
			[
				[-0.63218668,  0.02725309, -0.77433667, -0.94507951],
				[ 0.0021186 ,  0.99943828,  0.03344596, -0.42366136],
				[ 0.77481321,  0.01950358, -0.63188931,  0.38044056],
				[ 0.0       ,  0.0       ,  0.0       ,  1.0       ]
			],
			"origin": [360.0, 155.0],
			"width": 720,
			"height": 310,
			"focal": 295.0,
			"sensor_tick": 0.5,
			"scale": 2.0
		},
		{
			"view_name": "parking_left_to_rearCornerLeft",
			"sensor_type": "sensor.camera.rgb",
			"RT_view_to_main":
			[
				[-0.63218668,  0.02725309, -0.77433667, -1.10789493],
				[ 0.0021186 ,  0.99943828,  0.03344596, -0.21142803],
				[ 0.77481321,  0.01950358, -0.63188931, -0.01763428],
				[ 0.0       ,  0.0       ,  0.0       ,  1.0       ]
			],
			"origin": [360.0, 155.0],
			"width": 720,
			"height": 310,
			"focal": 295.0,
			"sensor_tick": 0.5,
			"scale": 2.0
		},
		{
			"view_name": "parking_rear_to_rearCornerLeft",
			"sensor_type": "sensor.camera.rgb",
			"RT_view_to_main":
			[
				[-0.63218668,  0.02725309, -0.77433667, -1.35757728e-01],
				[ 0.0021186 ,  0.99943828,  0.03344596, -5.88737197e-01],
				[ 0.77481321,  0.01950358, -0.63188931,  -3.27887975e+00],
				[ 0.0       ,  0.0       ,  0.0       ,  1.0       ]
			],
			"origin": [360.0, 155.0],
			"width": 720,
			"height": 310,
			"focal": 295.0,
			"sensor_tick": 0.5,
			"scale": 2.0
		}
	],
	"rearCornerRight" : [
		{
			"view_name": "rearCornerRight_to_rearCornerRight",
			"sensor_type": "sensor.camera.rgb",
			"RT_view_to_main":
			[
				[-0.68054714, -0.03059793,  0.73206513,  0.89004471],
				[ 0.00678652,  0.99882157,  0.0480564 , -0.4276677 ],
				[-0.73267287,  0.03767282, -0.67953751,  0.31100913],
				[ 0.0       ,  0.0       ,  0.0       ,  1.0       ]
			],
			"origin": [360.0, 155.0],
			"width": 720,
			"height": 310,
			"focal": 295.0,
			"sensor_tick": 0.5,
			"scale": 2.0
		},
		{
			"view_name": "rearCornerRight_to_rearCornerRight",
			"sensor_type": "sensor.camera.depth",
			"RT_view_to_main":
			[
				[-0.68054714, -0.03059793,  0.73206513,  0.89004471],
				[ 0.00678652,  0.99882157,  0.0480564 , -0.4276677 ],
				[-0.73267287,  0.03767282, -0.67953751,  0.31100913],
				[ 0.0       ,  0.0       ,  0.0       ,  1.0       ]
			],
			"origin": [360.0, 155.0],
			"width": 720,
			"height": 310,
			"focal": 295.0,
			"sensor_tick": 0.5,
			"scale": 2.0
		},
		{
			"view_name": "parking_right_to_rearCornerRight",
			"sensor_type": "sensor.camera.rgb",
			"RT_view_to_main":
			[
				[-0.68054714, -0.03059793,  0.73206513,  1.05719651],
				[ 0.00678652,  0.99882157,  0.0480564 , -0.23328173],
				[-0.73267287,  0.03767282, -0.67953751, -0.11622924],
				[ 0.0       ,  0.0       ,  0.0       ,  1.0       ]
			],
			"origin": [360.0, 155.0],
			"width": 720,
			"height": 310,
			"focal": 295.0,
			"sensor_tick": 0.5,
			"scale": 2.0
		},
		{
			"view_name": "parking_rear_to_rearCornerRight",
			"sensor_type": "sensor.camera.rgb",
			"RT_view_to_main": [
				[-0.68054714, -0.03059793,  0.73206513, -0.13575773],
				[ 0.00678652,  0.99882157,  0.0480564 , -0.5887372 ],
				[-0.73267287,  0.03767282, -0.67953751, -3.27887975],
				[ 0.0       ,  0.0       ,  0.0       ,  1.0       ]
			],
			"origin": [360.0, 155.0],
			"width": 720,
			"height": 310,
			"focal": 295.0,
			"sensor_tick": 0.5,
			"scale": 2.0
		}
	]
}
